20241115023194383085
20250104023195325342
20250115023195550616
20250117023195606044
20250310023196681732
20250314023196773328
20250315023196797476
20250409023197348599
20250416023197525869
20250419023197589247
20250421023197643263
20250421023197654059
20250423023197677158
20250506023197984143
20250509023198073691
20250526023198438079
20250530023198523106
20250601023198550559
20250601023198551177
20250601023198551209
20250601023198551566
20250601023198551781
20250601023198551860
20250601023198552303
20250601023198552473
20250601023198552617
20250601023198552618
20250601023198552828
20250601023198552928
20250601023198552997
20250601023198553157
20250601023198553550
20250601023198554118
20250601023198554133
20250601023198554252
20250601023198554296
20250601023198554415
20250601023198554478
20250601023198554479
20250601023198554746
20250601023198555451
20250601023198555500
20250601023198555649
20250601023198555697
20250601023198555903
20250601023198555954
20250601023198556157
20250601023198556186
20250601023198556929
20250601023198557088
20250601023198557275
20250601023198557279
20250601023198557396
20250601023198557647
20250601023198557691
20250601023198557915
20250601023198558000
20250601023198558212
20250601023198558224
20250601023198558338
20250601023198558575
20250601023198558945
20250601023198558961
20250601023198558991
20250601023198559264
20250601023198559370
20250601023198559429
20250601023198559433
20250601023198559672
20250601023198559776
20250601023198559915
20250601023198560248
20250601023198560271
20250601023198560295
20250601023198560489
20250601023198560632
20250601023198560749
20250601023198560853
20250601023198560953
20250601023198561127
20250601023198561545
20250601023198561571
20250601023198561691
20250601023198561934
20250601023198562436
20250601023198562467
20250601023198562518
20250601023198562834
20250601023198562969
20250601023198563136
20250601023198563208
20250601023198564210
20250601023198564439
20250601023198564507
20250601023198564524
20250601023198564765
20250601023198564869
20250601023198565059
20250601023198565676
20250601023198566209
20250601023198566417
20250601023198566495
20250601023198566704
20250601023198566711
20250601023198567381
20250601023198567533
20250601023198567583
20250601023198567658
20250601023198569019
20250601023198569034
20250601023198569042
20250601023198569130
20250601023198569251
20250601023198569332
20250601023198569374
20250601023198569405
20250601023198569445
20250601023198570164
20250601023198570353
20250602023198564959
20250602023198564982
20250602023198565687
20250602023198565913
20250602023198566820
20250602023198566927
20250602023198566992
20250602023198567999
20250602023198568745
20250602023198568814
20250602023198568938
20250602023198569965
20250602023198570658
20250602023198570680
20250602023198571187
20250602023198571336
20250602023198571621
20250602023198571767
20250602023198571775
20250602023198571911
20250602023198572090
20250602023198572261
20250602023198572299
20250602023198572456
20250602023198572484
20250602023198572768
20250602023198572832
20250602023198573516
20250602023198573585
20250602023198573936
20250602023198574121
20250602023198574534
20250602023198574750
20250602023198575068
20250602023198575503
20250602023198575529
20250602023198575772
20250602023198575936
20250602023198576062
20250602023198576139
20250602023198576287
20250602023198576751
20250602023198576842
20250602023198577333
20250602023198577621
20250602023198577741
20250602023198577949
20250602023198578540
20250602023198580059
20250602023198580519
20250602023198581587
20250602023198581610
20250602023198581933
20250602023198582051
20250602023198582612
20250602023198582712
20250602023198582829
20250602023198582991
20250602023198583232
20250602023198583235
20250602023198583420
20250602023198583551
20250602023198585064
20250602023198585071
20250602023198585261
20250602023198585420
20250602023198585595
20250602023198586495
20250602023198588013
20250602023198588137
20250602023198588271
20250602023198588282
20250602023198588408
20250602023198589125
20250602023198589179
20250602023198591107
20250603023198585870
20250603023198585991
20250603023198586610
20250603023198586969
20250603023198587705
20250603023198587736
20250603023198587855
20250603023198587928
20250603023198588507
20250603023198588701
20250603023198589497
20250603023198589504
20250603023198589510
20250603023198589893
20250603023198590778
20250603023198590850
20250603023198591713
20250603023198592044
20250603023198592113
20250603023198592424
20250603023198592807
20250603023198593282
20250603023198593312
20250603023198593398
20250603023198593872
20250603023198594690
20250603023198594863
20250603023198594969
20250603023198595001
20250603023198595223
20250603023198595228
20250603023198596024
20250603023198596434
20250603023198596631
20250603023198596672
20250603023198596813
20250603023198596930
20250603023198597246
20250603023198597379
20250603023198597506
20250603023198597710
20250603023198597719
20250603023198598196
20250603023198598283
20250603023198598288
20250603023198598795
20250603023198598896
20250603023198599357
20250603023198599766
20250603023198599789
20250603023198600002
20250603023198600132
20250603023198600332
20250603023198600503
20250603023198600561
20250603023198600678
20250603023198601182
20250603023198601219
20250603023198601601
20250603023198601701
20250603023198601801
20250603023198602027
20250603023198602195
20250603023198602274
20250603023198602914
20250603023198603187
20250603023198603540
20250603023198603722
20250603023198604130
20250603023198604158
20250603023198604495
20250603023198604562
20250603023198604651
20250603023198605193
20250603023198605901
20250603023198606166
20250603023198606221
20250603023198607218
20250603023198607380
20250603023198608060
20250603023198608136
20250603023198608222
20250603023198608243
20250603023198608265
20250603023198608302
20250603023198609067
20250603023198609187
20250603023198609247
20250603023198609291
20250603023198610011
20250603023198610091
20250603023198610169
20250603023198610246
20250603023198610328
20250603023198611165
20250603023198611172
20250603023198611282
20250603023198612071
20250604023198606966
20250604023198607624
20250604023198608677
20250604023198608886
20250604023198608993
20250604023198609931
20250604023198610917
20250604023198611616
20250604023198611660
20250604023198611881
20250604023198612570
20250604023198612670
20250604023198612991
20250604023198613115
20250604023198614064
20250604023198614420
20250604023198614458
20250604023198614467
20250604023198615185
20250604023198616279
20250604023198617025
20250604023198617037
20250604023198618216
20250604023198618281
20250604023198618283
20250604023198619047
20250604023198619065
20250604023198619242
20250604023198620051
20250604023198620570
20250604023198620775
20250604023198621053
20250604023198621210
20250604023198621438
20250604023198622183
20250604023198622624
20250604023198622814
20250604023198623456
20250604023198623469
20250604023198623769
20250604023198623846
20250604023198623858
20250604023198624246
20250604023198624513
20250604023198624564
20250604023198624569
20250604023198624769
20250604023198624931
20250604023198625083
20250604023198625268
20250604023198625513
20250604023198625579
20250604023198625972
20250604023198627206
20250604023198627284
20250604023198627292
20250604023198627350
20250604023198627391
20250604023198627576
20250604023198627682
20250604023198627836
20250604023198627853
20250604023198628120
20250604023198628294
20250604023198628494
20250604023198628501
20250604023198628764
20250604023198628897
20250604023198629184
20250604023198629416
20250604023198629714
20250604023198629804
20250604023198629910
20250604023198630005
20250604023198630042
20250604023198630132
20250604023198630140
20250604023198630223
20250604023198631025
20250604023198631144
20250604023198631573
20250604023198631898
20250604023198632207
20250604023198632220
20250604023198632238
20250604023198632274
20250604023198633280
20250604023198633338
20250604023198633564
20250604023198633823
20250604023198634052
20250604023198634436
20250604023198634500
20250604023198634526
20250604023198634731
20250604023198634733
20250604023198634758
20250605023198633970
20250605023198635123
20250605023198635126
20250605023198635404
20250605023198635439
20250605023198635546
20250605023198635623
20250605023198635693
20250605023198635727
20250605023198635772
20250605023198636609
20250605023198636997
20250605023198637246
20250605023198637442
20250605023198637948
20250605023198637972
20250605023198638338
20250605023198638349
20250605023198638524
20250605023198638582
20250605023198638741
20250605023198639735
20250605023198639764
20250605023198639776
20250605023198639845
20250605023198640359
20250605023198640730
20250605023198641169
20250605023198641490
20250605023198641880
20250605023198643469
20250605023198643476
20250605023198643479
20250605023198643658
20250605023198643786
20250605023198643809
20250605023198643913
20250605023198644150
20250605023198644344
20250605023198644348
20250605023198644427
20250605023198644447
20250605023198644517
20250605023198644732
20250605023198644843
20250605023198644871
20250605023198645021
20250605023198645282
20250605023198645384
20250605023198645612
20250605023198646156
20250605023198647006
20250605023198647331
20250605023198647431
20250605023198647619
20250605023198647827
20250605023198648223
20250605023198648357
20250605023198648481
20250605023198648559
20250605023198648767
20250605023198650200
20250605023198650665
20250605023198650737
20250605023198651036
20250605023198651280
20250605023198651480
20250605023198651746
20250605023198652032
20250605023198652344
20250605023198652624
20250605023198653037
20250605023198653130
20250605023198653672
20250605023198653821
20250605023198653822
20250605023198654106
20250605023198654408
20250605023198654607
20250605023198654627
20250605023198654646
20250605023198654652
20250605023198655179
20250605023198655283
20250605023198655564
20250605023198655863
20250606023198654896
20250606023198654997
20250606023198657204
20250606023198657544
20250606023198657576
20250606023198657638
20250606023198657937
20250606023198657947
20250606023198657995
20250606023198657998
20250606023198658259
20250606023198658507
20250606023198658514
20250606023198658640
20250606023198658670
20250606023198658709
20250606023198658849
20250606023198658875
20250606023198658928
20250606023198659002
20250606023198659092
20250606023198659324
20250606023198659413
20250606023198659474
20250606023198659538
20250606023198659657
20250606023198659894
20250606023198659896
20250606023198660135
20250606023198660229
20250606023198660262
20250606023198660450
20250606023198660494
20250606023198661626
20250606023198661653
20250606023198661996
20250606023198662314
20250606023198663139
20250606023198663206
20250606023198663264
20250606023198663470
20250606023198663937
20250606023198664048
20250606023198664178
20250606023198664410
20250606023198664543
20250606023198664580
20250606023198664706
20250606023198665427
20250606023198665487
20250606023198665597
20250606023198665949
20250606023198665969
20250606023198666291
20250606023198666707
20250606023198666780
20250606023198666822
20250606023198667147
20250606023198667343
20250606023198667557
20250606023198667644
20250606023198667896
20250606023198668625
20250606023198668731
20250606023198669388
20250606023198669484
20250606023198670181
20250606023198670552
20250606023198670811
20250606023198670893
20250606023198671051
20250606023198671616
20250606023198672405
20250606023198672416
20250606023198673187
20250606023198673334
20250606023198673444
20250606023198673456
20250606023198673626
20250606023198673704
20250606023198674206
20250606023198674254
20250606023198674380
20250606023198674651
20250606023198674684
20250606023198674790
20250606023198675512
20250606023198676109
20250606023198676289
20250606023198676519
20250606023198676578
20250606023198676584
20250606023198677359
20250606023198677419
20250607023198674995
20250607023198676831
20250607023198677887
20250607023198678130
20250607023198678363
20250607023198678870
20250607023198679063
20250607023198679462
20250607023198679492
20250607023198679514
20250607023198679562
20250607023198679701
20250607023198680056
20250607023198680138
20250607023198680182
20250607023198680472
20250607023198680616
20250607023198680650
20250607023198680706
20250607023198680939
20250607023198681185
20250607023198681437
20250607023198681739
20250607023198681810
20250607023198682194
20250607023198682336
20250607023198682925
20250607023198683032
20250607023198683342
20250607023198683363
20250607023198683434
20250607023198683716
20250607023198684129
20250607023198684235
20250607023198684287
20250607023198684476
20250607023198684788
20250607023198684944
20250607023198684979
20250607023198685344
20250607023198685679
20250607023198685760
20250607023198686018
20250607023198686141
20250607023198686428
20250607023198686531
20250607023198686791
20250607023198686917
20250607023198687000
20250607023198687017
20250607023198687115
20250607023198687231
20250607023198687563
20250607023198687623
20250607023198687633
20250607023198687651
20250607023198688441
20250607023198688513
20250607023198688807
20250607023198689993
20250607023198690203
20250607023198690214
20250607023198690499
20250607023198690520
20250607023198690525
20250607023198690976
20250607023198691310
20250607023198691311
20250607023198691483
20250607023198691590
20250607023198691630
20250607023198691797
20250607023198691968
20250607023198692123
20250607023198692380
20250607023198692650
20250607023198692941
20250607023198692954
20250607023198693599
20250607023198693664
20250607023198694009
20250607023198694136
20250607023198694165
20250607023198694173
20250607023198694274
20250607023198694420
20250607023198694485
20250607023198694668
20250607023198695347
20250607023198696046
20250607023198696266
20250607023198696633
20250607023198697016
20250607023198697200
20250607023198697366
20250607023198697580
20250607023198698043
20250607023198698047
20250607023198698360
20250607023198698487
20250608023198693959
20250608023198695862
20250608023198695968
20250608023198696871
20250608023198696951
20250608023198696997
20250608023198697694
20250608023198697914
20250608023198697931
20250608023198697974
20250608023198698664
20250608023198698850
20250608023198699322
20250608023198699589
20250608023198699751
20250608023198699787
20250608023198699790
20250608023198700663
20250608023198700758
20250608023198700850
20250608023198701082
20250608023198701277
20250608023198701913
20250608023198702220
20250608023198702324
20250608023198702569
20250608023198702675
20250608023198702892
20250608023198703267
20250608023198703328
20250608023198703559
20250608023198704210
20250608023198704636
20250608023198704638
20250608023198704720
20250608023198704801
20250608023198704854
20250608023198704932
20250608023198705138
20250608023198705142
20250608023198705501
20250608023198705527
20250608023198705904
20250608023198706073
20250608023198706354
20250608023198707187
20250608023198707748
20250608023198708427
20250608023198708710
20250608023198708747
20250608023198708992
20250608023198709167
20250608023198709439
20250608023198709513
20250608023198709633
20250608023198709696
20250608023198709975
20250608023198710150
20250608023198710355
20250608023198710366
20250608023198710670
20250608023198710842
20250608023198711390
20250608023198711446
20250608023198711897
20250608023198711950
20250608023198712006
20250608023198712064
20250608023198712156
20250608023198712514
20250608023198712850
20250608023198713046
20250608023198713514
20250608023198713701
20250608023198714135
20250608023198714510
20250608023198715102
20250608023198715447
20250608023198716000
20250608023198716185
20250608023198716256
20250608023198716517
20250608023198717036
20250608023198717559
20250608023198719132
20250609023198715978
20250609023198716695
20250609023198717712
20250609023198718768
20250609023198719880
20250609023198719897
20250609023198719967
20250609023198720045
20250609023198720389
20250609023198720580
20250609023198720709
20250609023198720871
20250609023198721096
20250609023198721193
20250609023198721688
20250609023198721836
20250609023198722219
20250609023198722227
20250609023198723146
20250609023198723218
20250609023198723581
20250609023198723638
20250609023198724050
20250609023198724095
20250609023198724297
20250609023198724383
20250609023198724427
20250609023198724502
20250609023198725401
20250609023198725429
20250609023198725603
20250609023198725808
20250609023198726102
20250609023198726258
20250609023198726288
20250609023198726545
20250609023198726576
20250609023198727039
20250609023198727320
20250609023198727482
20250609023198727779
20250609023198728210
20250609023198728255
20250609023198728689
20250609023198728696
20250609023198729144
20250609023198729421
20250609023198729588
20250609023198729713
20250609023198730336
20250609023198730363
20250609023198730410
20250609023198731032
20250609023198731640
20250609023198732078
20250609023198732444
20250609023198732699
20250609023198733237
20250609023198733419
20250609023198733652
20250609023198734007
20250609023198735380
20250609023198735438
20250609023198735629
20250609023198736020
20250609023198736313
20250609023198736340
20250609023198736372
20250609023198736680
20250609023198737544
20250609023198738006
20250609023198739013
20250609023198739139
20250609023198739670
20250609023198740335
20250609023198741321
20250609023198741582
20250609023198742108
20250609023198742117
20250609023198742168
20250610023198735865
20250610023198737819
20250610023198739905
20250610023198739911
20250610023198739968
20250610023198741833
20250610023198742997
20250610023198743237
20250610023198743985
20250610023198744272
20250610023198744533
20250610023198745010
20250610023198745194
20250610023198745381
20250610023198745389
20250610023198745921
20250610023198747040
20250610023198747197
20250610023198747211
20250610023198747260
20250610023198747324
20250610023198747482
20250610023198747770
20250610023198747903
20250610023198747955
20250610023198747971
20250610023198747979
20250610023198748588
20250610023198748749
20250610023198749340
20250610023198749508
20250610023198749990
20250610023198750264
20250610023198750716
20250610023198751030
20250610023198751348
20250610023198751665
20250610023198751924
20250610023198752470
20250610023198752485
20250610023198752486
20250610023198752693
20250610023198752741
20250610023198753446
20250610023198753633
20250610023198753917
20250610023198754139
20250610023198754644
20250610023198754682
20250610023198754773
20250610023198754873
20250610023198755207
20250610023198755313
20250610023198755415
20250610023198755512
20250610023198755697
20250610023198755778
20250610023198756126
20250610023198756439
20250610023198756926
20250610023198756968
20250610023198756983
20250610023198757051
20250610023198757402
20250610023198757439
20250610023198757536
20250610023198757555
20250610023198757726
20250610023198758213
20250610023198758357
20250610023198758386
20250610023198758404
20250610023198759505
20250610023198760347
20250610023198760376
20250610023198761010
20250610023198761264
20250610023198761386
20250610023198761395
20250610023198763238
20250610023198763247
20250610023198763429
20250611023198757785
20250611023198757993
20250611023198758870
20250611023198758875
20250611023198758930
20250611023198760734
20250611023198760974
20250611023198761649
20250611023198761690
20250611023198761753
20250611023198761819
20250611023198762642
20250611023198762709
20250611023198763835
20250611023198763900
20250611023198763982
20250611023198764110
20250611023198764958
20250611023198765135
20250611023198765338
20250611023198766286
20250611023198766293
20250611023198766373
20250611023198766435
20250611023198766462
20250611023198767449
20250611023198767472
20250611023198767508
20250611023198768301
20250611023198768742
20250611023198769154
20250611023198769185
20250611023198769360
20250611023198769367
20250611023198769458
20250611023198769459
20250611023198769477
20250611023198769695
20250611023198769960
20250611023198770961
20250611023198771184
20250611023198771218
20250611023198771321
20250611023198771481
20250611023198771750
20250611023198772139
20250611023198772200
20250611023198772537
20250611023198772924
20250611023198772925
20250611023198773367
20250611023198773415
20250611023198773806
20250611023198774301
20250611023198774688
20250611023198774690
20250611023198774726
20250611023198774755
20250611023198775887
20250611023198776988
20250611023198777281
20250611023198777291
20250611023198777656
20250611023198777674
20250611023198778139
20250611023198778208
20250611023198778456
20250611023198779026
20250611023198779112
20250611023198779192
20250611023198779367
20250611023198780182
20250612023198778847
20250612023198778870
20250612023198778967
20250612023198779700
20250612023198779817
20250612023198780444
20250612023198780452
20250612023198780747
20250612023198780790
20250612023198780833
20250612023198780914
20250612023198781431
20250612023198781460
20250612023198781631
20250612023198781679
20250612023198781749
20250612023198782422
20250612023198782494
20250612023198782629
20250612023198782743
20250612023198782755
20250612023198782921
20250612023198783480
20250612023198783481
20250612023198783683
20250612023198783795
20250612023198784496
20250612023198784641
20250612023198784945
20250612023198785561
20250612023198785919
20250612023198786437
20250612023198786616
20250612023198786655
20250612023198786734
20250612023198786830
20250612023198787513
20250612023198787700
20250612023198787739
20250612023198787746
20250612023198787854
20250612023198787892
20250612023198787933
20250612023198787946
20250612023198788132
20250612023198788182
20250612023198788482
20250612023198788614
20250612023198789398
20250612023198789796
20250612023198789841
20250612023198789937
20250612023198790234
20250612023198790627
20250612023198790689
20250612023198790892
20250612023198790924
20250612023198791135
20250612023198791507
20250612023198792791
20250612023198792917
20250612023198793008
20250612023198793500
20250612023198794346
20250612023198794671
20250612023198795083
20250612023198795107
20250612023198795676
20250612023198795711
20250612023198795749
20250612023198796150
20250612023198796362
20250612023198796425
20250612023198796632
20250612023198796653
20250612023198796719
20250612023198797067
20250612023198797239
20250612023198797658
20250612023198798012
20250612023198798469
20250613023198798901
20250613023198799138
20250613023198799264
20250613023198799587
20250613023198800249
20250613023198800770
20250613023198800868
20250613023198800880
20250613023198801556
20250613023198801808
20250613023198802135
20250613023198802199
20250613023198802200
20250613023198802379
20250613023198802406
20250613023198802430
20250613023198802465
20250613023198802603
20250613023198803016
20250613023198803408
20250613023198803804
20250613023198803831
20250613023198803926
20250613023198804076
20250613023198804106
20250613023198804204
20250613023198804456
20250613023198804844
20250613023198804908
20250613023198805230
20250613023198805402
20250613023198805579
20250613023198805716
20250613023198805730
20250613023198805739
20250613023198806314
20250613023198806570
20250613023198806929
20250613023198807185
20250613023198807395
20250613023198807634
20250613023198808013
20250613023198808029
20250613023198808039
20250613023198809359
20250613023198809604
20250613023198809752
20250613023198810024
20250613023198810189
20250613023198811015
20250613023198811076
20250613023198811098
20250613023198811111
20250613023198811466
20250613023198812082
20250613023198812361
20250613023198812388
20250613023198812428
20250613023198812620
20250613023198812665
20250613023198812788
20250613023198812910
20250613023198814336
20250613023198814389
20250613023198814471
20250613023198814538
20250613023198815104
20250613023198815388
20250613023198815412
20250613023198817053
20250613023198817314
20250613023198818205
20250613023198818347
20250613023198819136
20250613023198819234
20250614023198813710
20250614023198814623
20250614023198814775
20250614023198814839
20250614023198815655
20250614023198815699
20250614023198816801
20250614023198817478
20250614023198817663
20250614023198819527
20250614023198819533
20250614023198819885
20250614023198820076
20250614023198820199
20250614023198820346
20250614023198820510
20250614023198820545
20250614023198821010
20250614023198821175
20250614023198821328
20250614023198821576
20250614023198821709
20250614023198821801
20250614023198821808
20250614023198822941
20250614023198823529
20250614023198823710
20250614023198824241
20250614023198824444
20250614023198825132
20250614023198825234
20250614023198825738
20250614023198826904
20250614023198827095
20250614023198828305
20250614023198828314
20250614023198829248
20250614023198829368
20250614023198829381
20250614023198830068
20250614023198830130
20250614023198831089
20250614023198831097
20250614023198832392
20250614023198833027
20250614023198833140
20250614023198833190
20250615023198827817
20250615023198827960
20250615023198828721
20250615023198828770
20250615023198829602
20250615023198829633
20250615023198829897
20250615023198830559
20250615023198830691
20250615023198830760
20250615023198830825
20250615023198832625
20250615023198832888
20250615023198833365
20250615023198833642
20250615023198834444
20250615023198834592
20250615023198834750
20250615023198834789
20250615023198834883
20250615023198835045
20250615023198835138
20250615023198835191
20250615023198835369
20250615023198835439
20250615023198836054
20250615023198836072
20250615023198836226
20250615023198836605
20250615023198836743
20250615023198837265
20250615023198837608
20250615023198837767
20250615023198838557
20250615023198838656
20250615023198838980
20250615023198839042
20250615023198839307
20250615023198839509
20250615023198839615
20250615023198839690
20250615023198840080
20250615023198840592
20250615023198840875
20250615023198841340
20250615023198841341
20250615023198841611
20250615023198841626
20250615023198842028
20250615023198842319
20250615023198842636
20250615023198843411
20250615023198843679
20250615023198844186
20250615023198844474
20250615023198844575
20250615023198844621
20250615023198845132
20250615023198845136
20250615023198845522
20250615023198845525
20250615023198846081
20250615023198847394
20250616023198842842
20250616023198842906
20250616023198842932
20250616023198842948
20250616023198842958
20250616023198845913
20250616023198846684
20250616023198846768
20250616023198846910
20250616023198846947
20250616023198847844
20250616023198848311
20250616023198848562
20250616023198848774
20250616023198848957
20250616023198848959
20250616023198849121
20250616023198849485
20250616023198849498
20250616023198849697
20250616023198850057
20250616023198850136
20250616023198850855
20250616023198850859
20250616023198850886
20250616023198851160
20250616023198851308
20250616023198851677
20250616023198851901
20250616023198852254
20250616023198852256
20250616023198852383
20250616023198853366
20250616023198853380
20250616023198853802
20250616023198854003
20250616023198854105
20250616023198854338
20250616023198854776
20250616023198855089
20250616023198855819
20250616023198856106
20250616023198856533
20250616023198856711
20250616023198857272
20250616023198857296
20250616023198857442
20250616023198857646
20250616023198857683
20250616023198857790
20250616023198858728
20250616023198858745
20250616023198860338
20250616023198860695
20250616023198860706
20250616023198860865
20250616023198861041
20250616023198861325
20250616023198861483
20250617023198857974
20250617023198862261
20250617023198862560
20250617023198863386
20250617023198863448
20250617023198864128
20250617023198864244
20250617023198864250
20250617023198864355
20250617023198864683
20250617023198864884
20250617023198864887
20250617023198865231
20250617023198865372
20250617023198865647
20250617023198865972
20250617023198866213
20250617023198866413
20250617023198866438
20250617023198866451
20250617023198866482
20250617023198866614
20250617023198867312
20250617023198867318
20250617023198867371
20250617023198867479
20250617023198867901
20250617023198867929
20250617023198867947
20250617023198868009
20250617023198868101
20250617023198868263
20250617023198868573
20250617023198868728
20250617023198868979
20250617023198871134
20250617023198874111
20250617023198879014
20250617023198880219
20250617023198882091
20250617023198882516
20250617023198882532
20250617023198882612
20250617023198882696
20250617023198883147
20250617023198883432
20250617023198884404
20250617023198884603
20250617023198884643
20250617023198885156
20250617023198885617
20250617023198886404
20250617023198886426
20250617023198886454
20250617023198887497
20250617023198887757
20250617023198888100
20250617023198888364
20250617023198888532
20250617023198888678
20250617023198888753
20250617023198888758
20250618023198884892
20250618023198885885
20250618023198886807
20250618023198886863
20250618023198888823
20250618023198888990
20250618023198889117
20250618023198889231
20250618023198889895
20250618023198889986
20250618023198890016
20250618023198890073
20250618023198890162
20250618023198890847
20250618023198890976
20250618023198891269
20250618023198891898
20250618023198892100
20250618023198892358
20250618023198892878
20250618023198893029
20250618023198893170
20250618023198893547
20250618023198893719
20250618023198894003
20250618023198894143
20250618023198894150
20250618023198894545
20250618023198894900
20250618023198895021
20250618023198895068
20250618023198895255
20250618023198895806
20250618023198895815
20250618023198895930
20250618023198896623
20250618023198896774
20250618023198897056
20250618023198897807
20250618023198897827
20250618023198898001
20250618023198898495
20250618023198898502
20250618023198898730
20250618023198898769
20250618023198898886
20250618023198899767
20250618023198900186
20250618023198900502
20250618023198900680
20250618023198900752
20250618023198901179
20250618023198902299
20250618023198902604
20250618023198902668
20250618023198904036
20250619023198900979
20250619023198902945
20250619023198903257
20250619023198903307
20250619023198903331
20250619023198903457
20250619023198903620
20250619023198903649
20250619023198903755
20250619023198904184
20250619023198904210
20250619023198904239
20250619023198904501
20250619023198904820
20250619023198905005
20250619023198905139
20250619023198905235
20250619023198905690
20250619023198905903
20250619023198906082
20250619023198906236
20250619023198906328
20250619023198906467
20250619023198906483
20250619023198906501
20250619023198906977
20250619023198907210
20250619023198907234
20250619023198907477
20250619023198907642
20250619023198907654
20250619023198907703
20250619023198908148
20250619023198908565
20250619023198908657
20250619023198908665
20250619023198909211
20250619023198909342
20250619023198909344
20250619023198909819
20250619023198909853
20250619023198910265
20250619023198910397
20250619023198910588
20250619023198910717
20250619023198910896
20250619023198911210
20250619023198911652
20250619023198912162
20250619023198912318
20250619023198912684
20250619023198912969
20250619023198913291
20250619023198913342
20250619023198913364
20250619023198914234
20250619023198914247
20250619023198914330
20250619023198914449
20250619023198914556
20250619023198914784
20250619023198914857
20250619023198915067
20250619023198915176
20250619023198915344
20250619023198915424
20250619023198915599
20250619023198915778
20250619023198915843
20250619023198915908
20250619023198915946
20250619023198916186
20250619023198916932
20250619023198918107
20250619023198918144
20250619023198918196
20250619023198918229
20250619023198919287
20250619023198920091
20250619023198921056
20250619023198923066
20250620023198917517
20250620023198917761
20250620023198918463
20250620023198919293
20250620023198920431
20250620023198920677
20250620023198920726
20250620023198921217
20250620023198921945
20250620023198922299
20250620023198922707
20250620023198923943
20250620023198924005
20250620023198924025
20250620023198924267
20250620023198924469
20250620023198924773
20250620023198924793
20250620023198924863
20250620023198924874
20250620023198925157
20250620023198925266
20250620023198925313
20250620023198925634
20250620023198926460
20250620023198926684
20250620023198927998
20250620023198928295
20250620023198928306
20250620023198928381
20250620023198929259
20250620023198929468
20250620023198929729
20250620023198930104
20250620023198930383
20250620023198930808
20250620023198930810
20250620023198930923
20250620023198931219
20250620023198931231
20250620023198931241
20250620023198931248
20250620023198932015
20250620023198933184
20250620023198933244
20250620023198937091
20250620023198939118
20250620023198939403
20250620023198939539
20250620023198940190
20250620023198940305
20250620023198940355
20250620023198940547
20250620023198941202
20250620023198941254
20250620023198941368
20250620023198941465
20250620023198941481
20250620023198942011
20250620023198942030
20250620023198942147
20250620023198942167
20250620023198942286
20250620023198942390
20250620023198942501
20250620023198943120
20250620023198943220
20250620023198943322
20250620023198943488
20250620023198943498
20250620023198945015
20250620023198945039
20250620023198945090
20250620023198945235
20250620023198945243
20250620023198945272
20250620023198945289
20250620023198945321
20250620023198945337
20250620023198945388
20250620023198946025
20250620023198946087
20250620023198946097
20250620023198946136
20250620023198946150
20250620023198946272
20250620023198946297
20250620023198946346
20250620023198946373
20250620023198946493
20250621023198939734
20250621023198939867
20250621023198940708
20250621023198940955
20250621023198941638
20250621023198941932
20250621023198941976
20250621023198942569
20250621023198942762
20250621023198942849
20250621023198942977
20250621023198943566
20250621023198945524
20250621023198945723
20250621023198946958
20250621023198947018
20250621023198947117
20250621023198947329
20250621023198947483
20250621023198947547
20250621023198948017
20250621023198948108
20250621023198948127
20250621023198948376
20250621023198948601
20250621023198948667
20250621023198948756
20250621023198948964
20250621023198949043
20250621023198949158
20250621023198949404
20250621023198949497
20250621023198949726
20250621023198949816
20250621023198949997
20250621023198950074
20250621023198950104
20250621023198950248
20250621023198950815
20250621023198950839
20250621023198950887
20250621023198951286
20250621023198951391
20250621023198951407
20250621023198951522
20250621023198951528
20250621023198951771
20250621023198951990
20250621023198952020
20250621023198952238
20250621023198953075
20250621023198953127
20250621023198953521
20250621023198953548
20250621023198953967
20250621023198954241
20250621023198954326
20250621023198955222
20250621023198955375
20250621023198955520
20250621023198955533
20250621023198955547
20250621023198955568
20250621023198956145
20250621023198956235
20250621023198956237
20250621023198956436
20250621023198956455
20250621023198957298
20250621023198957344
20250621023198958073
20250621023198958325
20250621023198958364
20250621023198959107
20250621023198959441
20250621023198960113
20250621023198960212
20250621023198960264
20250621023198960355
20250622023198954694
20250622023198955707
20250622023198955938
20250622023198956924
20250622023198956966
20250622023198957568
20250622023198957740
20250622023198957870
20250622023198958863
20250622023198959680
20250622023198959743
20250622023198959953
20250622023198960802
20250622023198960864
20250622023198960931
20250622023198961091
20250622023198961234
20250622023198961252
20250622023198961257
20250622023198961659
20250622023198961741
20250622023198962098
20250622023198962272
20250622023198962573
20250622023198963125
20250622023198963214
20250622023198963283
20250622023198963439
20250622023198963498
20250622023198963504
20250622023198965129
20250622023198966180
20250622023198966508
20250622023198966603
20250622023198966609
20250622023198966731
20250622023198966940
20250622023198967094
20250622023198967179
20250622023198967218
20250622023198967224
20250622023198967375
20250622023198967483
20250622023198967821
20250622023198968098
20250622023198968317
20250622023198970170
20250622023198970297
20250622023198970337
20250622023198971123
20250622023198972035
20250622023198972130
20250622023198972132
20250622023198972339
20250622023198974213
20250622023198974273
20250623023198969385
20250623023198969469
20250623023198970717
20250623023198970912
20250623023198971491
20250623023198971611
20250623023198971770
20250623023198972347
20250623023198972360
20250623023198973428
20250623023198974803
20250623023198975127
20250623023198975587
20250623023198975752
20250623023198976365
20250623023198976408
20250623023198976624
20250623023198976679
20250623023198976706
20250623023198976881
20250623023198977205
20250623023198977558
20250623023198977843
20250623023198978298
20250623023198978371
20250623023198978527
20250623023198978697
20250623023198978952
20250623023198979547
20250623023198981669
20250623023198982067
20250623023198982252
20250623023198982600
20250623023198983129
20250623023198984147
20250623023198984259
20250623023198984367
20250623023198985108
20250623023198985288
20250623023198985322
20250623023198985329
20250623023198985355
20250623023198986004
20250623023198986186
20250623023198987156
20250623023198987263
20250623023198987268
20250623023198987359
20250623023198988207
20250623023198988424
20250624023198983505
20250624023198983623
20250624023198983851
20250624023198984535
20250624023198984732
20250624023198984850
20250624023198984925
20250624023198986834
20250624023198988514
20250624023198989863
20250624023198989924
20250624023198990250
20250624023198990440
20250624023198990789
20250624023198990879
20250624023198991268
20250624023198991459
20250624023198991478
20250624023198991568
20250624023198992838
20250624023198993085
20250624023198993242
20250624023198993244
20250624023198993309
20250624023198993582
20250624023198993659
20250624023198993936
20250624023198994346
20250624023198994382
20250624023198994438
20250624023198995241
20250624023198995368
20250624023198995425
20250624023198995518
20250624023198995666
20250624023198995827
20250624023198995898
20250624023198995951
20250624023198996082
20250624023198996214
20250624023198996317
20250624023198996759
20250624023198996795
20250624023198996830
20250624023198996974
20250624023198997279
20250624023198997299
20250624023198998096
20250624023198998209
20250624023198998235
20250624023198999057
20250624023199000240
20250624023199000262
20250624023199001029
20250624023199001143
20250624023199001219
20250624023199001269
20250624023199003019
20250624023199003127
20250624023199003159
20250625023198997416
20250625023198997514
20250625023198998714
20250625023198998840
20250625023198999614
20250625023198999778
20250625023198999909
20250625023198999941
20250625023198999980
20250625023199000911
20250625023199000998
20250625023199002669
20250625023199002944
20250625023199003301
20250625023199003425
20250625023199003467
20250625023199003866
20250625023199004288
20250625023199004306
20250625023199004518
20250625023199004553
20250625023199004614
20250625023199004716
20250625023199004729
20250625023199004870
20250625023199004938
20250625023199005233
20250625023199005670
20250625023199005935
20250625023199006243
20250625023199006307
20250625023199006562
20250625023199007593
20250625023199007900
20250625023199008788
20250625023199009068
20250625023199009083
20250625023199009259
20250625023199009757
20250625023199010044
20250625023199010387
20250625023199010486
20250625023199010509
20250625023199010742
20250625023199010997
20250625023199011063
20250625023199011146
20250625023199013164
20250625023199015217
20250626023199011569
20250626023199011593
20250626023199012655
20250626023199013383
20250626023199013542
20250626023199014422
20250626023199014443
20250626023199014547
20250626023199014561
20250626023199015361
20250626023199015489
20250626023199015688
20250626023199016397
20250626023199016599
20250626023199016824
20250626023199016831
20250626023199017388
20250626023199017390
20250626023199017586
20250626023199020089
20250626023199020129
20250626023199023213
20250626023199023276
20250626023199024049
20250626023199024182
20250627023199018882
20250627023199019634
20250627023199020789
20250627023199021599
20250627023199021745
20250627023199021749
20250627023199021832
20250627023199022437
20250627023199022750
20250627023199023428
20250627023199023460
20250627023199024442
20250627023199026517
20250627023199027115
20250628023199025651
20250628023199026711
20250628023199026942
20250628023199027671
20250628023199027832
20250628023199028510
20250628023199029510
20250628023199030549
20250628023199031422
20250628023199031567
20250628023199031797
20250628023199035361
20250628023199035402
20250628023199036397
20250628023199038100
20250628023199038236
20250629023199034842
20250629023199041037
20250629023199041249
20250629023199045063
20250630023199043274
20250630023199043420
20250630023199044671
20250630023199045554
20250630023199046236
20250630023199050376
20250630023199050393
20250630023199050469
20250630023199051208
20250630023199052463
20250630023199053398
20250630023199054145
20250630023199054414
20250701023199048607
20250701023199048726
20250701023199049685
20250701023199049827
20250701023199049962
20250701023199050832
20250701023199051556
20250701023199051713
20250701023199052848
20250701023199053649
20250701023199053820
20250701023199053915
20250701023199054681
20250701023199054707
20250701023199055102
20250701023199055961
20250701023199056402
20250701023199057109
20250701023199057212
20250701023199057745
20250701023199057793
20250701023199058174
20250701023199058380
20250701023199058730
20250701023199059068
20250701023199060083
20250701023199060302
20250701023199060810
20250701023199061676
20250701023199061746
20250702023199063109
20250702023199063178
20250702023199063566
20250702023199063728
20250702023199063912
20250702023199064115
20250702023199064309
20250702023199065097
20250702023199065182
20250702023199066400
20250702023199067114
20250702023199067372
20250702023199067375
20250702023199067754
20250702023199067839
20250702023199068098
20250702023199068496
20250702023199070311
20250702023199070389
20250702023199071324
20250702023199071342
20250702023199072176
20250702023199074084
20250702023199075248
20250703023199069880
20250703023199072913
20250703023199074540
20250703023199074694
20250703023199074775
20250703023199075360
20250703023199075601
20250703023199075892
20250703023199076167
20250703023199076413
20250703023199076450
20250703023199076461
20250703023199076472
20250703023199077475
20250703023199078207
20250703023199079462
20250703023199080411
20250703023199081252
20250703023199081259
20250703023199081312
20250703023199082066
20250704023199077724
20250704023199079801
20250704023199080672
20250704023199082762
20250704023199082911
20250704023199083018
20250704023199083246
20250704023199083316
20250704023199083325
20250704023199083440
20250704023199083527
20250704023199083696
20250704023199083769
20250704023199084307
20250704023199084394
20250704023199084447
20250704023199084501
20250704023199084542
20250704023199085063
20250704023199085071
20250704023199085443
20250704023199085541
20250704023199085812
20250704023199085894
20250704023199086337
20250704023199086366
20250704023199086587
20250704023199087070
20250704023199087128
20250704023199087256
20250704023199089079
20250704023199089268
20250704023199089306
20250704023199089408
20250704023199090071
20250705023199087938
20250705023199087960
20250705023199090151
20250705023199090534
20250705023199090698
20250705023199091171
20250705023199091236
20250705023199092103
20250705023199092318
20250705023199092708
20250705023199092922
20250705023199093212
20250705023199093864
20250705023199094058
20250705023199094084
20250705023199094625
20250705023199094782
20250705023199094860
20250705023199095041
20250705023199095314
20250705023199095324
20250705023199095827
20250705023199095936
20250705023199096160
20250705023199096366
20250705023199096860
20250705023199097015
20250705023199099009
20250705023199100129
20250705023199101048
20250705023199102086
20250705023199102195
20250705023199102314
20250706023199097810
20250706023199097909
20250706023199099574
20250706023199099859
20250706023199100809
20250706023199101447
20250706023199101536
20250706023199101942
20250706023199103677
20250706023199103943
20250706023199104559
20250706023199104646
20250706023199104670
20250706023199104954
20250706023199105108
20250706023199105248
20250706023199105333
20250706023199106878
20250706023199107807
20250706023199108644
20250706023199109469
20250706023199109552
20250706023199109641
20250706023199109651
20250706023199109747
20250706023199109817
20250706023199109921
20250706023199109947
20250706023199110308
20250706023199110760
20250706023199110769
20250707023199107893
20250707023199108869
20250707023199110870
20250707023199110944
20250707023199110997
20250707023199111040
20250707023199111043
20250707023199111389
20250707023199111425
20250707023199111755
20250707023199112169
20250707023199112179
20250707023199112278
20250707023199112591
20250707023199112771
20250707023199112810
20250707023199112861
20250707023199113231
20250707023199113293
20250707023199113598
20250707023199114024
20250707023199114632
20250707023199115475
20250707023199115739
20250707023199115975
20250707023199116012
20250707023199116258
20250707023199116358
20250707023199116410
20250707023199116455
20250707023199117021
20250707023199117141
20250707023199117351
20250707023199118005
20250707023199118227
20250707023199118638
20250707023199119236
20250707023199119393
20250707023199121140
20250707023199121283
20250707023199121531
20250707023199123013
20250707023199123441
20250707023199123578
20250707023199124108
20250708023199119875
20250708023199119981
20250708023199120803
20250708023199121694
20250708023199122838
20250708023199122860
20250708023199122933
20250708023199123972
20250708023199123994
20250708023199124791
20250708023199124993
20250708023199125010
20250708023199125200
20250708023199125397
20250708023199125415
20250708023199125450
20250708023199126572
20250708023199127039
20250708023199127150
20250708023199127304
20250708023199127937
20250708023199128346
20250708023199128372
20250708023199128385
20250708023199128496
20250708023199130312
20250708023199130403
20250708023199131911
20250708023199132207
20250708023199132390
20250708023199133304
20250708023199135014
20250708023199135113
20250708023199135277
20250708023199135301
20250708023199137080
20250708023199137227
20250709023199132676
20250709023199132869
20250709023199133534
20250709023199134581
20250709023199134667
20250709023199135608
20250709023199136741
20250709023199137402
20250709023199138319
20250709023199138354
20250709023199138385
20250709023199138479
20250709023199138580
20250709023199138609
20250709023199139494
20250709023199140139
20250709023199141113
20250709023199141117
20250709023199141244
20250709023199141521
20250709023199142162
20250709023199142305
20250709023199143103
20250709023199143211
20250709023199144173
20250709023199148346
20250709023199150041
20250709023199150079
20250709023199151408
20250710023199147438
20250710023199147474
20250710023199147595
20250710023199147708
20250710023199147778
20250710023199147851
20250710023199147867
20250710023199147998
20250710023199148866
20250710023199148974
20250710023199150780
20250710023199151508
20250710023199152411
20250710023199153461
20250710023199154271
20250710023199154358
20250710023199156335
20250710023199156349
20250710023199159167
20250710023199159369
20250710023199160189
20250711023199154690
20250711023199154999
20250711023199155470
20250711023199155900
20250711023199157478
20250711023199157562
20250711023199157775
20250711023199157983
20250711023199158523
20250711023199158653
20250711023199159550
20250711023199160685
20250711023199160807
20250711023199162425
20250711023199163315
20250711023199163416
20250711023199164401
20250711023199164402
20250711023199165120
20250711023199166299
20250712023199161726
20250712023199162536
20250712023199162568
20250712023199162612
20250712023199163690
20250712023199164602
20250712023199164636
20250712023199164899
20250712023199164969
20250712023199165748
20250712023199165828
20250712023199166844
20250712023199167638
20250712023199168486
20250712023199170069
20250712023199172103
20250712023199173314
20250712023199173336
20250713023199168695
20250713023199169533
20250713023199169695
20250713023199170613
20250713023199170644
20250713023199171625
20250713023199171644
20250713023199171740
20250713023199172680
20250713023199172804
20250713023199172949
20250713023199181173
20250713023199181208
20250713023199181266
20250714023199176453
20250714023199176528
20250714023199177654
20250714023199178507
20250714023199181471
20250714023199182297
20250714023199183365
20250714023199184219
20250714023199185291
20250714023199186006
20250714023199186225
20250714023199186254
20250714023199188027
20250715023199182809
20250715023199183612
20250715023199184419
20250715023199184476
20250715023199185503
20250715023199185600
20250715023199185891
20250715023199186656
20250715023199186958
20250715023199188553
20250715023199189339
20250715023199189343
20250715023199191254
20250715023199192001
20250715023199192106
20250715023199192193
20250715023199193266
20250715023199194202
20250716023199189435
20250716023199190532
20250716023199191327
20250716023199191419
20250716023199192472
20250716023199192995
20250716023199193417
20250716023199194703
20250716023199195289
20250716023199195293
20250716023199198112
20250716023199198122
20250716023199198244
20250717023199197409
20250717023199198354
20250717023199198461
20250717023199199272
20250717023199201212
20250717023199201518
20250717023199202096
20250717023199202303
20250717023199202331
20250717023199203241
20250717023199208090
20250718023199203606
20250718023199204994
20250718023199205450
20250718023199205506
20250718023199205970
20250718023199206390
20250718023199206942
20250718023199207273
20250718023199207530
20250718023199207900
20250718023199208856
20250718023199209212
20250718023199209312
20250718023199209742
20250718023199210519
20250718023199211169
20250718023199211609
20250718023199213148
20250718023199213221
20250718023199216036
20250718023199216098
20250719023199210826
20250719023199212553
20250719023199212554
20250719023199212639
20250719023199213749
20250719023199214546
20250719023199214597
20250719023199214943
20250719023199216817
20250719023199217376
20250719023199217417
20250719023199218668
20250719023199218872
20250719023199219187
20250719023199219311
20250719023199220479
20250719023199220930
20250719023199222009
20250719023199222235
20250719023199224014
20250719023199224064
20250720023199224450
20250720023199225109
20250720023199226056
20250720023199226413
20250720023199226773
20250720023199227253
20250720023199227479
20250720023199229298
20250720023199229921
20250720023199230254
20250720023199231072
20250720023199231403
20250720023199231407
20250720023199232065
20250720023199234031
20250720023199234267
20250720023199235332
20250721023199231872
20250721023199233620
20250721023199234843
20250721023199234859
20250721023199235533
20250721023199235658
20250721023199236598
20250721023199237317
20250721023199237431
20250721023199237817
20250721023199238116
20250721023199242480
20250722023199240821
20250722023199240904
20250722023199241795
20250722023199243891
20250722023199245537
20250722023199245977
20250722023199246935
20250722023199247429
20250722023199247516
20250722023199247624
20250722023199248330
20250722023199249072
20250722023199250044
20250722023199250235
20250722023199250376
20250722023199250571
20250722023199251862
20250723023199251977
20250723023199252673
20250723023199253588
20250723023199253761
20250723023199253915
20250723023199253954
20250723023199254455
20250723023199254475
20250723023199255091
20250723023199255130
20250723023199255227
20250723023199255497
20250723023199255614
20250723023199255710
20250723023199255722
20250723023199255879
20250723023199256602
20250723023199256701
20250723023199256744
20250723023199258197
20250723023199266115
20250723023199268132
20250723023199271141
20250723023199272068
20250723023199273045
20250724023199267227
20250724023199267409
20250724023199267553
20250724023199267679
20250724023199268275
20250724023199268485
20250724023199268639
20250724023199269965
20250724023199271271
20250724023199271559
20250724023199271616
20250724023199271643
20250724023199271924
20250724023199272185
20250724023199272343
20250724023199273596
20250724023199273940
20250724023199274075
20250724023199281292
20250724023199281499
20250724023199282003
20250724023199282315
20250724023199283205
20250724023199284032
20250724023199284409
20250724023199286452
20250724023199287517
20250725023199284870
20250725023199288012
20250725023199288096
20250725023199288571
20250725023199288959
20250725023199289577
20250725023199290324
20250725023199290844
20250725023199291282
20250725023199292498
20250725023199293157
20250725023199293198
20250725023199294066
20250725023199294513
20250725023199295126
20250725023199295319
20250725023199296315
20250725023199297151
20250725023199297452
20250725023199297519
20250725023199299600
20250725023199300711
20250726023199296825
20250726023199302062
20250726023199302114
20250726023199302268
20250726023199302740
20250726023199303017
20250726023199303537
20250726023199305118
20250726023199305139
20250726023199305181
20250726023199305312
20250726023199305314
20250726023199305620
20250726023199305643
20250726023199305794
20250726023199306237
20250726023199306340
20250726023199307228
20250726023199308020
20250726023199308141
20250726023199308184
20250726023199308226
20250726023199308445
20250726023199312435
20250727023199309677
20250727023199309780
20250727023199310920
20250727023199312643
20250727023199312837
20250727023199313900
20250727023199314603
20250727023199314635
20250727023199314807
20250727023199315746
20250727023199315895
20250727023199317225
20250727023199317498
20250727023199317640
20250727023199318308
20250727023199318764
20250727023199318844
20250727023199318941
20250727023199319945
20250727023199320027
20250727023199321364
20250727023199321944
20250727023199322171
20250727023199327048
20250728023199323244
20250728023199323618
20250728023199323827
20250728023199326286
20250728023199326713
20250728023199327224
20250728023199327377
20250728023199327733
20250728023199327982
20250728023199328229
20250728023199328547
20250728023199328638
20250728023199329495
20250728023199329499
20250728023199331049
20250728023199331332
20250728023199333422
20250728023199334106
20250728023199335098
20250728023199337295
20250728023199338329
20250728023199340179
20250728023199341307
20250728023199342175
20250729023199337795
20250729023199342988
20250729023199343505
20250729023199343768
20250729023199344614
20250729023199345387
20250729023199345441
20250729023199346124
20250729023199347414
20250729023199348000
20250729023199348308
20250729023199348703
20250729023199349432
20250729023199349469
20250729023199351234
20250730023199352297
20250730023199353335
20250730023199354315
20250730023199354537
20250730023199356081
20250730023199356308
20250730023199356503
20250730023199357207
20250730023199357730
20250730023199357827
20250730023199358180
20250730023199358405
20250730023199358510
20250730023199359462
20250730023199359556
20250730023199359593
20250730023199359631
20250730023199359708
20250730023199360767
20250730023199361294
20250730023199361515
20250730023199361678
20250730023199362147
20250730023199362293
20250731023199363922
20250731023199363943
20250731023199366175
20250731023199366302
20250731023199366773
20250731023199367272
20250731023199368582
20250731023199369095
20250731023199369294
20250731023199369862
20250731023199370102
20250731023199370141
20250731023199371182
20250731023199371587
20250731023199371797
20250731023199371944
20250731023199372841
20250731023199374138
20250731023199376067
20250731023199376134
20250731023199383200
20250731023199383376
20250731023199384155
20250731023199384173
20250731023199387292
20250801023199380774
20250801023199380874
20250801023199381591
20250801023199382819
20250801023199383587
20250801023199383708
20250801023199384884
20250801023199386735
20250801023199387777
20250801023199387805
20250801023199389018
20250801023199389854
20250801023199390717
20250801023199390828
20250801023199391139
20250801023199392283
20250801023199393370
20250801023199394263
20250801023199396011
20250802023199396203
20250802023199396624
20250802023199397033
20250802023199397079
20250802023199397241
20250802023199397257
20250802023199397449
20250802023199398629
20250802023199398968
20250802023199399392
20250802023199399520
20250802023199400165
20250802023199401802
20250802023199405435
20250802023199407198
20250803023199403705
20250803023199403833
20250803023199405584
20250803023199405764
20250803023199405822
20250803023199406671
20250803023199406842
20250803023199407994
20250803023199409712
20250803023199411013
20250803023199411067
20250803023199412048
20250803023199412097
20250803023199414928
20250803023199415045
20250803023199416464
20250803023199417171
20250803023199420091
20250804023199416989
20250804023199417631
20250804023199418326
20250804023199418775
20250804023199419852
20250804023199420814
20250804023199422423
20250804023199425441
20250804023199426284
20250804023199426654
20250804023199427469
20250804023199427744
20250804023199429076
20250804023199429196
20250804023199430040
20250805023199426806
20250805023199431769
20250805023199432341
20250805023199432837
20250805023199433221
20250805023199434538
20250805023199435455
20250805023199436302
20250805023199436313
20250805023199437233
20250805023199437276
20250805023199438221
20250805023199438272
20250805023199438523
20250805023199442412
20250805023199443411
20250805023199444194
20250805023199444265
20250806023199439829
20250806023199440950
20250806023199441785
20250806023199441893
20250806023199441944
20250806023199442771
20250806023199444654
20250806023199444772
20250806023199444934
20250806023199446255
20250806023199449069
20250806023199450210
20250806023199450457
20250806023199451510
20250806023199452224
20250806023199453364
20250806023199454098
20250806023199454375
20250806023199455120
20250807023199460595
20250807023199462361
20250807023199462549
20250807023199463334
20250807023199464230
20250807023199464303
20250807023199464658
20250807023199466665
20250807023199471495
20250807023199472773
20250807023199472840
20250807023199474126
20250808023199469969
20250808023199475007
20250808023199475802
20250808023199476906
20250808023199481251
20250808023199481367
20250808023199481625
20250808023199483309
20250808023199484479
20250808023199484519
20250808023199485425
20250808023199488205
20250809023199482920
20250809023199485734
20250809023199485847
20250809023199486560
20250809023199487861
20250809023199488944
20250809023199489238
20250809023199490334
20250809023199491231
20250809023199491963
20250809023199493004
20250809023199494360
20250809023199494886
20250809023199495467
20250810023199496663
20250810023199497408
20250810023199498138
20250810023199498326
20250810023199499083
20250810023199499352
20250810023199500688
20250810023199500691
20250810023199501369
20250810023199503188
20250810023199504038
20250810023199506516
20250811023199503798
20250811023199503802
20250811023199507649
20250811023199508658
20250811023199511121
20250811023199517378
20250811023199519298
20250811023199519332
20250811023199520119
20250812023199520448
20250812023199522498
20250812023199523301
20250812023199525000
20250812023199526060
20250812023199528697
20250812023199529496
20250812023199530550
20250813023199531067
20250813023199531331
20250813023199532068
20250813023199532774
20250813023199533042
20250813023199533151
20250813023199534185
20250813023199535279
20250813023199535378
20250814023199538709
20250814023199538852
20250814023199539672
20250814023199541655
20250814023199546709
20250814023199549576
20250814023199550576
20250815023199547867
20250815023199548850
20250815023199548998
20250815023199550830
20250815023199550917
20250815023199552261
20250815023199554171
20250815023199554583
20250815023199554885
20250815023199555080
20250815023199555500
20250815023199558323
20250815023199560098
20250815023199562076
20250815023199564072
20250816023199565311
20250816023199570297
20250816023199572283
20250817023199568756
20250817023199568972
20250817023199570763
20250817023199571589
20250817023199572498
20250817023199572952
20250817023199574024
20250817023199574982
20250817023199576049
20250817023199577084
20250817023199579385
20250818023199580300
20250818023199580336
20250818023199581254
20250818023199583069
20250818023199583970
20250818023199584379
20250818023199586735
20250818023199587145
20250819023199587760
20250819023199588625
20250819023199589603
20250819023199592246
20250819023199599184
20250819023199600294
20250820023199595954
20250820023199598544
20250820023199598618
20250820023199599552
20250820023199601232
20250820023199602260
20250820023199606546
20250821023199608303
20250821023199611454
20250821023199611742
20250821023199611767
20250821023199612123
20250821023199620065
20250822023199615860
20250822023199617620
20250822023199617782
20250822023199617868
20250822023199625025
20250822023199626509
20250822023199629535
20250822023199630100
20250822023199630109
20250823023199629919
20250823023199631040
20250823023199631779
20250823023199633245
20250823023199639235
20250823023199644099
20250824023199638351
20250824023199638611
20250824023199640582
20250824023199641538
20250824023199642893
20250824023199644551
20250824023199644589
20250824023199644737
20250824023199645450
20250824023199649083
20250825023199645726
20250825023199646631
20250825023199646674
20250825023199646814
20250825023199650893
20250825023199651883
20250825023199651949
20250825023199652066
20250825023199656590
20250825023199658663
20250826023199653811
20250826023199654862
20250826023199660801
20250826023199662078
20250826023199662749
20250826023199663738
20250826023199665579
20250827023199664937
20250827023199666142
20250827023199666236
20250827023199670108
20250827023199670608
20250827023199670887
20250828023199673034
20250828023199674027
20250828023199674538
20250828023199675302
20250828023199677196
20250828023199677354
20250828023199679031
20250828023199679796
20250828023199686033
20250829023199682362
20250829023199682535
20250829023199682542
20250829023199683103
20250829023199684438
20250829023199687449
20250830023199689805
20250830023199691401
20250830023199691649
20250830023199691794
20250830023199692599
20250830023199693324
20250830023199693859
20250830023199695112
20250831023199699441
20250831023199700661
20250901023199702554
20250901023199702592
20250901023199702621
20250901023199702706
20250901023199704731
20250901023199715269
20250902023199711805
20250903023199718787
20250903023199721551
20250903023199722459
20250903023199722959
20250903023199724413
20250904023199726721
20250904023199729512
20250904023199730032
20250904023199730609
20250904023199731093
20250904023199731393
20250905023199739059
20250906023199757721
20250906023199758723
20250906023199760135
20250906023199763611
20250906023199765213
20250906023199765503
20250907023199760959
20250907023199766206
20250907023199766364
20250907023199768044
20250907023199768607
20250907023199768733
20250907023199770023
20250907023199771800
20250907023199772050
20250907023199772346
20250908023199771939
20250908023199775422
20250908023199776051
20250908023199777110
20250908023199777209
20250908023199777929
20250908023199778539
20250909023199782751
20250909023199784368
20250909023199785827
20250909023199786239
20250910023199783936
20250910023199788295
20250910023199791189
20250910023199792265
20250910023199795263
20250910023199796114
20250911023199797567
20250911023199800689
20250911023199801684
20250912023199805708
20250913023199813708
20250913023199813911
20250914023199818266
20250914023199823188
20250915023199824178
20250916023199828773
20250916023199830762
20250917023199836551
20250918023199842512
20250920023199845598
20250920023199851745
20250920023199857093
20250921023199854395
20250921023199857237
20250921023199858236
20250923023199861592
20250924023199871436
20250924023199872608
20250924023199873503
20250926023199884820
20250926023199886669
20250926023199887837
20250927023199891835
20250928023199893883
20250928023199895265
20250928023199896819
20250929023199905221
20250930023199904971
20251001023199918127
20251001023199922056
20251001023199922203
20251002023199922712
20251003023199933114
20251004023199930717
20251004023199932451
20251005023199938447
20251005023199938947
20251005023199939624
20251007023199953384
20251008023199959169
20251008023199962243
20251009023199969060
20251012023199986119
